100
331854559557386125
663709119114772250
331854559557386125
663709119114772250
331854559557386125
663709119114772250
331854559557386125
663709119114772250
331854559557386125
663709119114772250
331854559557386125
663709119114772250
331854559557386125
663709119114772250
331854559557386125
663709119114772250
331854559557386125
663709119114772250
331854559557386125
663709119114772250
331854559557386125
663709119114772250
331854559557386125
663709119114772250
331854559557386125
663709119114772250
331854559557386125
663709119114772250
331854559557386125
663709119114772250
331854559557386125
663709119114772250
331854559557386125
663709119114772250
331854559557386125
663709119114772250
331854559557386125
663709119114772250
331854559557386125
663709119114772250
331854559557386125
663709119114772250
331854559557386125
663709119114772250
331854559557386125
663709119114772250
331854559557386125
663709119114772250
331854559557386125
663709119114772250
331854559557386125
663709119114772250
331854559557386125
663709119114772250
331854559557386125
663709119114772250
331854559557386125
663709119114772250
331854559557386125
663709119114772250
331854559557386125
663709119114772250
331854559557386125
663709119114772250
331854559557386125
663709119114772250
331854559557386125
663709119114772250
331854559557386125
663709119114772250
331854559557386125
663709119114772250
331854559557386125
663709119114772250
331854559557386125
663709119114772250
331854559557386125
663709119114772250
331854559557386125
663709119114772250
331854559557386125
663709119114772250
331854559557386125
663709119114772250
331854559557386125
663709119114772250
331854559557386125
663709119114772250
331854559557386125
663709119114772250
331854559557386125
663709119114772250
331854559557386125
663709119114772250
331854559557386125
663709119114772250
331854559557386125
663709119114772250
331854559557386125
663709119114772250
