100
663709119114772250
663709119114772250
663709119114772250
663709119114772250
663709119114772250
663709119114772250
663709119114772250
663709119114772250
663709119114772250
663709119114772250
663709119114772250
663709119114772250
663709119114772250
663709119114772250
663709119114772250
663709119114772250
663709119114772250
663709119114772250
663709119114772250
663709119114772250
663709119114772250
663709119114772250
663709119114772250
663709119114772250
663709119114772250
663709119114772250
663709119114772250
663709119114772250
663709119114772250
663709119114772250
663709119114772250
663709119114772250
663709119114772250
663709119114772250
663709119114772250
663709119114772250
663709119114772250
663709119114772250
663709119114772250
663709119114772250
663709119114772250
663709119114772250
663709119114772250
663709119114772250
663709119114772250
663709119114772250
663709119114772250
663709119114772250
663709119114772250
663709119114772250
663709119114772250
663709119114772250
663709119114772250
663709119114772250
663709119114772250
663709119114772250
663709119114772250
663709119114772250
663709119114772250
663709119114772250
663709119114772250
663709119114772250
663709119114772250
663709119114772250
663709119114772250
663709119114772250
663709119114772250
663709119114772250
663709119114772250
663709119114772250
663709119114772250
663709119114772250
663709119114772250
663709119114772250
663709119114772250
663709119114772250
663709119114772250
663709119114772250
663709119114772250
663709119114772250
663709119114772250
663709119114772250
663709119114772250
663709119114772250
663709119114772250
663709119114772250
663709119114772250
663709119114772250
663709119114772250
663709119114772250
663709119114772250
663709119114772250
663709119114772250
663709119114772250
663709119114772250
663709119114772250
663709119114772250
663709119114772250
663709119114772250
663709119114772250
