52 651
41943038
0
0
0
0
0
0
0
0
0
0
0
0
0
0
0
0
0
0
0
0
0
0
0
0
0
0
0
0
0
0
0
0
0
0
0
0
0
0
0
0
0
0
0
0
0
0
0
0
0
0
-41943038
0 1 0 1 0
0 2 0 3 0
0 3 0 5 0
0 4 0 10 0
0 5 0 20 0
0 6 0 40 0
0 7 0 80 0
0 8 0 160 0
0 9 0 320 0
0 10 0 640 0
0 11 0 1280 0
0 12 0 2560 0
0 13 0 5120 0
0 14 0 10240 0
0 15 0 20480 0
0 16 0 40960 0
0 17 0 81920 0
0 18 0 163840 0
0 19 0 327680 0
0 20 0 655360 0
0 21 0 1310720 0
0 22 0 2621440 0
0 23 0 5242880 0
0 24 0 10485760 0
0 25 0 20971520 0
1 26 0 41943040 0
1 27 0 41943040 1
1 28 0 41943040 3
1 29 0 41943040 7
1 30 0 41943040 15
1 31 0 41943040 31
1 32 0 41943040 63
1 33 0 41943040 127
1 34 0 41943040 255
1 35 0 41943040 511
1 36 0 41943040 1023
1 37 0 41943040 2047
1 38 0 41943040 4095
1 39 0 41943040 8191
1 40 0 41943040 16383
1 41 0 41943040 32767
1 42 0 41943040 65535
1 43 0 41943040 131071
1 44 0 41943040 262143
1 45 0 41943040 524287
1 46 0 41943040 1048575
1 47 0 41943040 2097151
1 48 0 41943040 4194303
1 49 0 41943040 8388607
1 50 0 41943040 16777215
2 26 0 41943040 1
2 28 0 41943040 3
2 29 0 41943040 7
2 30 0 41943040 15
2 31 0 41943040 31
2 32 0 41943040 63
2 33 0 41943040 127
2 34 0 41943040 255
2 35 0 41943040 511
2 36 0 41943040 1023
2 37 0 41943040 2047
2 38 0 41943040 4095
2 39 0 41943040 8191
2 40 0 41943040 16383
2 41 0 41943040 32767
2 42 0 41943040 65535
2 43 0 41943040 131071
2 44 0 41943040 262143
2 45 0 41943040 524287
2 46 0 41943040 1048575
2 47 0 41943040 2097151
2 48 0 41943040 4194303
2 49 0 41943040 8388607
2 50 0 41943040 16777215
3 26 0 41943040 3
3 27 0 41943040 3
3 29 0 41943040 7
3 30 0 41943040 15
3 31 0 41943040 31
3 32 0 41943040 63
3 33 0 41943040 127
3 34 0 41943040 255
3 35 0 41943040 511
3 36 0 41943040 1023
3 37 0 41943040 2047
3 38 0 41943040 4095
3 39 0 41943040 8191
3 40 0 41943040 16383
3 41 0 41943040 32767
3 42 0 41943040 65535
3 43 0 41943040 131071
3 44 0 41943040 262143
3 45 0 41943040 524287
3 46 0 41943040 1048575
3 47 0 41943040 2097151
3 48 0 41943040 4194303
3 49 0 41943040 8388607
3 50 0 41943040 16777215
4 26 0 41943040 7
4 27 0 41943040 7
4 28 0 41943040 7
4 30 0 41943040 15
4 31 0 41943040 31
4 32 0 41943040 63
4 33 0 41943040 127
4 34 0 41943040 255
4 35 0 41943040 511
4 36 0 41943040 1023
4 37 0 41943040 2047
4 38 0 41943040 4095
4 39 0 41943040 8191
4 40 0 41943040 16383
4 41 0 41943040 32767
4 42 0 41943040 65535
4 43 0 41943040 131071
4 44 0 41943040 262143
4 45 0 41943040 524287
4 46 0 41943040 1048575
4 47 0 41943040 2097151
4 48 0 41943040 4194303
4 49 0 41943040 8388607
4 50 0 41943040 16777215
5 26 0 41943040 15
5 27 0 41943040 15
5 28 0 41943040 15
5 29 0 41943040 15
5 31 0 41943040 31
5 32 0 41943040 63
5 33 0 41943040 127
5 34 0 41943040 255
5 35 0 41943040 511
5 36 0 41943040 1023
5 37 0 41943040 2047
5 38 0 41943040 4095
5 39 0 41943040 8191
5 40 0 41943040 16383
5 41 0 41943040 32767
5 42 0 41943040 65535
5 43 0 41943040 131071
5 44 0 41943040 262143
5 45 0 41943040 524287
5 46 0 41943040 1048575
5 47 0 41943040 2097151
5 48 0 41943040 4194303
5 49 0 41943040 8388607
5 50 0 41943040 16777215
6 26 0 41943040 31
6 27 0 41943040 31
6 28 0 41943040 31
6 29 0 41943040 31
6 30 0 41943040 31
6 32 0 41943040 63
6 33 0 41943040 127
6 34 0 41943040 255
6 35 0 41943040 511
6 36 0 41943040 1023
6 37 0 41943040 2047
6 38 0 41943040 4095
6 39 0 41943040 8191
6 40 0 41943040 16383
6 41 0 41943040 32767
6 42 0 41943040 65535
6 43 0 41943040 131071
6 44 0 41943040 262143
6 45 0 41943040 524287
6 46 0 41943040 1048575
6 47 0 41943040 2097151
6 48 0 41943040 4194303
6 49 0 41943040 8388607
6 50 0 41943040 16777215
7 26 0 41943040 63
7 27 0 41943040 63
7 28 0 41943040 63
7 29 0 41943040 63
7 30 0 41943040 63
7 31 0 41943040 63
7 33 0 41943040 127
7 34 0 41943040 255
7 35 0 41943040 511
7 36 0 41943040 1023
7 37 0 41943040 2047
7 38 0 41943040 4095
7 39 0 41943040 8191
7 40 0 41943040 16383
7 41 0 41943040 32767
7 42 0 41943040 65535
7 43 0 41943040 131071
7 44 0 41943040 262143
7 45 0 41943040 524287
7 46 0 41943040 1048575
7 47 0 41943040 2097151
7 48 0 41943040 4194303
7 49 0 41943040 8388607
7 50 0 41943040 16777215
8 26 0 41943040 127
8 27 0 41943040 127
8 28 0 41943040 127
8 29 0 41943040 127
8 30 0 41943040 127
8 31 0 41943040 127
8 32 0 41943040 127
8 34 0 41943040 255
8 35 0 41943040 511
8 36 0 41943040 1023
8 37 0 41943040 2047
8 38 0 41943040 4095
8 39 0 41943040 8191
8 40 0 41943040 16383
8 41 0 41943040 32767
8 42 0 41943040 65535
8 43 0 41943040 131071
8 44 0 41943040 262143
8 45 0 41943040 524287
8 46 0 41943040 1048575
8 47 0 41943040 2097151
8 48 0 41943040 4194303
8 49 0 41943040 8388607
8 50 0 41943040 16777215
9 26 0 41943040 255
9 27 0 41943040 255
9 28 0 41943040 255
9 29 0 41943040 255
9 30 0 41943040 255
9 31 0 41943040 255
9 32 0 41943040 255
9 33 0 41943040 255
9 35 0 41943040 511
9 36 0 41943040 1023
9 37 0 41943040 2047
9 38 0 41943040 4095
9 39 0 41943040 8191
9 40 0 41943040 16383
9 41 0 41943040 32767
9 42 0 41943040 65535
9 43 0 41943040 131071
9 44 0 41943040 262143
9 45 0 41943040 524287
9 46 0 41943040 1048575
9 47 0 41943040 2097151
9 48 0 41943040 4194303
9 49 0 41943040 8388607
9 50 0 41943040 16777215
10 26 0 41943040 511
10 27 0 41943040 511
10 28 0 41943040 511
10 29 0 41943040 511
10 30 0 41943040 511
10 31 0 41943040 511
10 32 0 41943040 511
10 33 0 41943040 511
10 34 0 41943040 511
10 36 0 41943040 1023
10 37 0 41943040 2047
10 38 0 41943040 4095
10 39 0 41943040 8191
10 40 0 41943040 16383
10 41 0 41943040 32767
10 42 0 41943040 65535
10 43 0 41943040 131071
10 44 0 41943040 262143
10 45 0 41943040 524287
10 46 0 41943040 1048575
10 47 0 41943040 2097151
10 48 0 41943040 4194303
10 49 0 41943040 8388607
10 50 0 41943040 16777215
11 26 0 41943040 1023
11 27 0 41943040 1023
11 28 0 41943040 1023
11 29 0 41943040 1023
11 30 0 41943040 1023
11 31 0 41943040 1023
11 32 0 41943040 1023
11 33 0 41943040 1023
11 34 0 41943040 1023
11 35 0 41943040 1023
11 37 0 41943040 2047
11 38 0 41943040 4095
11 39 0 41943040 8191
11 40 0 41943040 16383
11 41 0 41943040 32767
11 42 0 41943040 65535
11 43 0 41943040 131071
11 44 0 41943040 262143
11 45 0 41943040 524287
11 46 0 41943040 1048575
11 47 0 41943040 2097151
11 48 0 41943040 4194303
11 49 0 41943040 8388607
11 50 0 41943040 16777215
12 26 0 41943040 2047
12 27 0 41943040 2047
12 28 0 41943040 2047
12 29 0 41943040 2047
12 30 0 41943040 2047
12 31 0 41943040 2047
12 32 0 41943040 2047
12 33 0 41943040 2047
12 34 0 41943040 2047
12 35 0 41943040 2047
12 36 0 41943040 2047
12 38 0 41943040 4095
12 39 0 41943040 8191
12 40 0 41943040 16383
12 41 0 41943040 32767
12 42 0 41943040 65535
12 43 0 41943040 131071
12 44 0 41943040 262143
12 45 0 41943040 524287
12 46 0 41943040 1048575
12 47 0 41943040 2097151
12 48 0 41943040 4194303
12 49 0 41943040 8388607
12 50 0 41943040 16777215
13 26 0 41943040 4095
13 27 0 41943040 4095
13 28 0 41943040 4095
13 29 0 41943040 4095
13 30 0 41943040 4095
13 31 0 41943040 4095
13 32 0 41943040 4095
13 33 0 41943040 4095
13 34 0 41943040 4095
13 35 0 41943040 4095
13 36 0 41943040 4095
13 37 0 41943040 4095
13 39 0 41943040 8191
13 40 0 41943040 16383
13 41 0 41943040 32767
13 42 0 41943040 65535
13 43 0 41943040 131071
13 44 0 41943040 262143
13 45 0 41943040 524287
13 46 0 41943040 1048575
13 47 0 41943040 2097151
13 48 0 41943040 4194303
13 49 0 41943040 8388607
13 50 0 41943040 16777215
14 26 0 41943040 8191
14 27 0 41943040 8191
14 28 0 41943040 8191
14 29 0 41943040 8191
14 30 0 41943040 8191
14 31 0 41943040 8191
14 32 0 41943040 8191
14 33 0 41943040 8191
14 34 0 41943040 8191
14 35 0 41943040 8191
14 36 0 41943040 8191
14 37 0 41943040 8191
14 38 0 41943040 8191
14 40 0 41943040 16383
14 41 0 41943040 32767
14 42 0 41943040 65535
14 43 0 41943040 131071
14 44 0 41943040 262143
14 45 0 41943040 524287
14 46 0 41943040 1048575
14 47 0 41943040 2097151
14 48 0 41943040 4194303
14 49 0 41943040 8388607
14 50 0 41943040 16777215
15 26 0 41943040 16383
15 27 0 41943040 16383
15 28 0 41943040 16383
15 29 0 41943040 16383
15 30 0 41943040 16383
15 31 0 41943040 16383
15 32 0 41943040 16383
15 33 0 41943040 16383
15 34 0 41943040 16383
15 35 0 41943040 16383
15 36 0 41943040 16383
15 37 0 41943040 16383
15 38 0 41943040 16383
15 39 0 41943040 16383
15 41 0 41943040 32767
15 42 0 41943040 65535
15 43 0 41943040 131071
15 44 0 41943040 262143
15 45 0 41943040 524287
15 46 0 41943040 1048575
15 47 0 41943040 2097151
15 48 0 41943040 4194303
15 49 0 41943040 8388607
15 50 0 41943040 16777215
16 26 0 41943040 32767
16 27 0 41943040 32767
16 28 0 41943040 32767
16 29 0 41943040 32767
16 30 0 41943040 32767
16 31 0 41943040 32767
16 32 0 41943040 32767
16 33 0 41943040 32767
16 34 0 41943040 32767
16 35 0 41943040 32767
16 36 0 41943040 32767
16 37 0 41943040 32767
16 38 0 41943040 32767
16 39 0 41943040 32767
16 40 0 41943040 32767
16 42 0 41943040 65535
16 43 0 41943040 131071
16 44 0 41943040 262143
16 45 0 41943040 524287
16 46 0 41943040 1048575
16 47 0 41943040 2097151
16 48 0 41943040 4194303
16 49 0 41943040 8388607
16 50 0 41943040 16777215
17 26 0 41943040 65535
17 27 0 41943040 65535
17 28 0 41943040 65535
17 29 0 41943040 65535
17 30 0 41943040 65535
17 31 0 41943040 65535
17 32 0 41943040 65535
17 33 0 41943040 65535
17 34 0 41943040 65535
17 35 0 41943040 65535
17 36 0 41943040 65535
17 37 0 41943040 65535
17 38 0 41943040 65535
17 39 0 41943040 65535
17 40 0 41943040 65535
17 41 0 41943040 65535
17 43 0 41943040 131071
17 44 0 41943040 262143
17 45 0 41943040 524287
17 46 0 41943040 1048575
17 47 0 41943040 2097151
17 48 0 41943040 4194303
17 49 0 41943040 8388607
17 50 0 41943040 16777215
18 26 0 41943040 131071
18 27 0 41943040 131071
18 28 0 41943040 131071
18 29 0 41943040 131071
18 30 0 41943040 131071
18 31 0 41943040 131071
18 32 0 41943040 131071
18 33 0 41943040 131071
18 34 0 41943040 131071
18 35 0 41943040 131071
18 36 0 41943040 131071
18 37 0 41943040 131071
18 38 0 41943040 131071
18 39 0 41943040 131071
18 40 0 41943040 131071
18 41 0 41943040 131071
18 42 0 41943040 131071
18 44 0 41943040 262143
18 45 0 41943040 524287
18 46 0 41943040 1048575
18 47 0 41943040 2097151
18 48 0 41943040 4194303
18 49 0 41943040 8388607
18 50 0 41943040 16777215
19 26 0 41943040 262143
19 27 0 41943040 262143
19 28 0 41943040 262143
19 29 0 41943040 262143
19 30 0 41943040 262143
19 31 0 41943040 262143
19 32 0 41943040 262143
19 33 0 41943040 262143
19 34 0 41943040 262143
19 35 0 41943040 262143
19 36 0 41943040 262143
19 37 0 41943040 262143
19 38 0 41943040 262143
19 39 0 41943040 262143
19 40 0 41943040 262143
19 41 0 41943040 262143
19 42 0 41943040 262143
19 43 0 41943040 262143
19 45 0 41943040 524287
19 46 0 41943040 1048575
19 47 0 41943040 2097151
19 48 0 41943040 4194303
19 49 0 41943040 8388607
19 50 0 41943040 16777215
20 26 0 41943040 524287
20 27 0 41943040 524287
20 28 0 41943040 524287
20 29 0 41943040 524287
20 30 0 41943040 524287
20 31 0 41943040 524287
20 32 0 41943040 524287
20 33 0 41943040 524287
20 34 0 41943040 524287
20 35 0 41943040 524287
20 36 0 41943040 524287
20 37 0 41943040 524287
20 38 0 41943040 524287
20 39 0 41943040 524287
20 40 0 41943040 524287
20 41 0 41943040 524287
20 42 0 41943040 524287
20 43 0 41943040 524287
20 44 0 41943040 524287
20 46 0 41943040 1048575
20 47 0 41943040 2097151
20 48 0 41943040 4194303
20 49 0 41943040 8388607
20 50 0 41943040 16777215
21 26 0 41943040 1048575
21 27 0 41943040 1048575
21 28 0 41943040 1048575
21 29 0 41943040 1048575
21 30 0 41943040 1048575
21 31 0 41943040 1048575
21 32 0 41943040 1048575
21 33 0 41943040 1048575
21 34 0 41943040 1048575
21 35 0 41943040 1048575
21 36 0 41943040 1048575
21 37 0 41943040 1048575
21 38 0 41943040 1048575
21 39 0 41943040 1048575
21 40 0 41943040 1048575
21 41 0 41943040 1048575
21 42 0 41943040 1048575
21 43 0 41943040 1048575
21 44 0 41943040 1048575
21 45 0 41943040 1048575
21 47 0 41943040 2097151
21 48 0 41943040 4194303
21 49 0 41943040 8388607
21 50 0 41943040 16777215
22 26 0 41943040 2097151
22 27 0 41943040 2097151
22 28 0 41943040 2097151
22 29 0 41943040 2097151
22 30 0 41943040 2097151
22 31 0 41943040 2097151
22 32 0 41943040 2097151
22 33 0 41943040 2097151
22 34 0 41943040 2097151
22 35 0 41943040 2097151
22 36 0 41943040 2097151
22 37 0 41943040 2097151
22 38 0 41943040 2097151
22 39 0 41943040 2097151
22 40 0 41943040 2097151
22 41 0 41943040 2097151
22 42 0 41943040 2097151
22 43 0 41943040 2097151
22 44 0 41943040 2097151
22 45 0 41943040 2097151
22 46 0 41943040 2097151
22 48 0 41943040 4194303
22 49 0 41943040 8388607
22 50 0 41943040 16777215
23 26 0 41943040 4194303
23 27 0 41943040 4194303
23 28 0 41943040 4194303
23 29 0 41943040 4194303
23 30 0 41943040 4194303
23 31 0 41943040 4194303
23 32 0 41943040 4194303
23 33 0 41943040 4194303
23 34 0 41943040 4194303
23 35 0 41943040 4194303
23 36 0 41943040 4194303
23 37 0 41943040 4194303
23 38 0 41943040 4194303
23 39 0 41943040 4194303
23 40 0 41943040 4194303
23 41 0 41943040 4194303
23 42 0 41943040 4194303
23 43 0 41943040 4194303
23 44 0 41943040 4194303
23 45 0 41943040 4194303
23 46 0 41943040 4194303
23 47 0 41943040 4194303
23 49 0 41943040 8388607
23 50 0 41943040 16777215
24 26 0 41943040 8388607
24 27 0 41943040 8388607
24 28 0 41943040 8388607
24 29 0 41943040 8388607
24 30 0 41943040 8388607
24 31 0 41943040 8388607
24 32 0 41943040 8388607
24 33 0 41943040 8388607
24 34 0 41943040 8388607
24 35 0 41943040 8388607
24 36 0 41943040 8388607
24 37 0 41943040 8388607
24 38 0 41943040 8388607
24 39 0 41943040 8388607
24 40 0 41943040 8388607
24 41 0 41943040 8388607
24 42 0 41943040 8388607
24 43 0 41943040 8388607
24 44 0 41943040 8388607
24 45 0 41943040 8388607
24 46 0 41943040 8388607
24 47 0 41943040 8388607
24 48 0 41943040 8388607
24 50 0 41943040 16777215
25 26 0 41943040 16777215
25 27 0 41943040 16777215
25 28 0 41943040 16777215
25 29 0 41943040 16777215
25 30 0 41943040 16777215
25 31 0 41943040 16777215
25 32 0 41943040 16777215
25 33 0 41943040 16777215
25 34 0 41943040 16777215
25 35 0 41943040 16777215
25 36 0 41943040 16777215
25 37 0 41943040 16777215
25 38 0 41943040 16777215
25 39 0 41943040 16777215
25 40 0 41943040 16777215
25 41 0 41943040 16777215
25 42 0 41943040 16777215
25 43 0 41943040 16777215
25 44 0 41943040 16777215
25 45 0 41943040 16777215
25 46 0 41943040 16777215
25 47 0 41943040 16777215
25 48 0 41943040 16777215
25 49 0 41943040 16777215
26 51 0 2 0
27 51 0 2 0
28 51 0 5 0
29 51 0 10 0
30 51 0 20 0
31 51 0 40 0
32 51 0 80 0
33 51 0 160 0
34 51 0 320 0
35 51 0 640 0
36 51 0 1280 0
37 51 0 2560 0
38 51 0 5120 0
39 51 0 10240 0
40 51 0 20480 0
41 51 0 40960 0
42 51 0 81920 0
43 51 0 163840 0
44 51 0 327680 0
45 51 0 655360 0
46 51 0 1310720 0
47 51 0 2621440 0
48 51 0 5242880 0
49 51 0 10485760 0
50 51 0 20971520 0
