82 501
0
0
0
0
0
0
0
0
0
0
0
0
0
0
0
0
0
0
0
0
0
0
0
0
0
0
0
0
0
0
0
0
0
0
0
0
0
0
0
0
0
0
0
0
0
0
0
0
0
0
0
0
0
0
0
0
0
0
0
0
0
0
0
0
0
0
0
0
0
0
0
0
0
0
0
0
0
0
0
0
0
0
21 41 0 1 60305
21 42 1 1 0
21 43 0 1 131089
21 44 0 1 -66704
21 45 0 1 42659
21 46 0 1 -77960
21 47 0 1 -42644
21 48 0 1 94262
21 49 0 1 -126356
21 50 0 1 -133523
21 51 0 1 -47504
21 52 0 1 144659
21 53 0 1 47715
21 54 0 1 -109060
21 55 0 1 -75885
21 56 1 1 0
21 57 0 1 -123746
21 58 0 1 -135239
21 59 0 1 -132956
21 60 0 1 -51587
22 41 0 1 56085
22 42 1 1 0
22 43 0 1 -125934
22 44 0 1 62694
22 45 0 1 39070
22 46 0 1 73129
22 47 1 1 0
22 48 0 1 -88217
22 49 1 1 0
22 50 1 1 0
22 51 0 1 -43732
22 52 0 1 -138321
22 53 0 1 -44438
22 54 0 1 -103597
22 55 0 1 -71424
22 56 0 1 -79055
22 57 0 1 -117639
22 58 0 1 128720
22 59 0 1 125596
22 60 0 1 -47624
23 41 0 1 -71239
23 42 1 1 0
23 43 0 0 0
23 44 0 1 78278
23 45 1 1 0
23 46 0 1 -90958
23 47 0 1 51722
23 48 0 1 -107942
23 49 0 1 141866
23 50 0 1 -149755
23 51 0 1 -56961
23 52 0 1 -160077
23 53 0 1 -57202
23 54 1 1 0
23 55 0 0 0
23 56 1 1 0
23 57 0 1 -138492
23 58 1 1 0
23 59 0 1 -148429
23 60 0 1 -61863
24 41 0 1 31420
24 42 0 1 31416
24 43 0 1 86443
24 44 0 1 -36136
24 45 0 1 19566
24 46 0 1 44607
24 47 0 1 19125
24 48 0 1 -56713
24 49 0 1 82637
24 50 0 1 -89314
24 51 0 1 -22402
24 52 0 1 -97110
24 53 0 1 -22923
24 54 0 1 -68769
24 55 0 1 43612
24 56 0 0 0
24 57 0 1 80512
24 58 0 1 89078
24 59 0 1 87259
24 60 0 1 -25717
25 41 0 1 -8050
25 42 0 1 -7891
25 43 0 1 42447
25 44 1 1 0
25 45 0 1 -2567
25 46 1 1 0
25 47 0 1 -2638
25 48 0 1 23042
25 49 0 1 -39744
25 50 0 1 43792
25 51 0 1 -3734
25 52 0 1 -49759
25 53 0 1 -4034
25 54 0 1 30739
25 55 1 1 0
25 56 0 1 -18259
25 57 0 1 38518
25 58 0 1 44897
25 59 0 1 -43437
25 60 1 1 0
26 41 0 1 -6350
26 42 0 0 0
26 43 0 1 -38617
26 44 0 1 -8525
26 45 0 1 -1615
26 46 1 1 0
26 47 0 1 -1702
26 48 0 1 19677
26 49 0 1 -35891
26 50 0 1 39736
26 51 0 1 2626
26 52 0 1 -46162
26 53 1 1 0
26 54 0 1 27250
26 55 0 1 12026
26 56 1 1 0
26 57 0 1 -34580
26 58 0 1 -40631
26 59 0 1 39293
26 60 0 1 -3779
27 41 0 1 -42154
27 42 0 0 0
27 43 0 1 103717
27 44 0 1 -47863
27 45 0 1 27688
27 46 0 1 -57456
27 47 0 1 -28124
27 48 0 1 -71548
27 49 0 1 100008
27 50 0 0 0
27 51 0 1 31405
27 52 0 1 115494
27 53 0 1 -32048
27 54 0 1 -84407
27 55 0 1 -55626
27 56 0 1 -62740
27 57 0 0 0
27 58 0 1 107317
27 59 0 1 105164
27 60 0 1 35702
28 41 1 1 0
28 42 0 0 0
28 43 0 1 -115261
28 44 0 1 56015
28 45 0 1 -33700
28 46 0 1 -66395
28 47 0 1 33615
28 48 1 1 0
28 49 0 1 111495
28 50 0 1 -117467
28 51 0 1 -37795
28 52 0 1 -127675
28 53 0 1 -38356
28 54 0 1 95297
28 55 0 1 -63846
28 56 0 1 71910
28 57 0 1 -107728
28 58 1 1 0
28 59 0 1 -116350
28 60 0 1 -41695
29 41 0 1 -10912
29 42 0 1 10694
29 43 0 1 -48784
29 44 0 1 -13643
29 45 1 1 0
29 46 1 1 0
29 47 0 1 -4137
29 48 0 1 27386
29 49 0 1 -45434
29 50 0 1 50220
29 51 0 0 0
29 52 0 1 -56945
29 53 0 0 0
29 54 0 1 36029
29 55 0 1 -17811
29 56 0 0 0
29 57 0 1 44416
29 58 0 1 50456
29 59 0 1 -49176
29 60 0 1 -7408
30 41 0 0 0
30 42 0 1 -20204
30 43 0 1 67285
30 44 1 1 0
30 45 0 1 -10818
30 46 0 1 -31399
30 47 0 1 -10637
30 48 1 1 0
30 49 0 1 63737
30 50 0 1 -69501
30 51 0 1 -13216
30 52 0 1 -76784
30 53 0 1 -13286
30 54 0 1 -52427
30 55 1 1 0
30 56 0 1 -35659
30 57 0 0 0
30 58 1 1 0
30 59 0 1 -68260
30 60 0 1 -15659
31 41 0 1 7268
31 42 0 1 -7362
31 43 0 1 -41378
31 44 1 1 0
31 45 0 1 -2116
31 46 0 1 14568
31 47 0 1 -2173
31 48 0 1 -21588
31 49 1 1 0
31 50 0 1 42771
31 51 0 1 3298
31 52 0 1 48302
31 53 0 1 -3580
31 54 0 1 -29575
31 55 1 1 0
31 56 0 1 -17175
31 57 0 0 0
31 58 0 1 -43144
31 59 0 0 0
31 60 0 1 4547
32 41 0 1 -35949
32 42 0 1 -35209
32 43 0 1 94131
32 44 1 1 0
32 45 0 1 -22494
32 46 0 1 49336
32 47 0 1 -22734
32 48 1 1 0
32 49 1 1 0
32 50 0 1 -95356
32 51 1 1 0
32 52 0 0 0
32 53 0 1 -25988
32 54 0 1 -74568
32 55 0 1 47925
32 56 0 1 54436
32 57 0 1 -87094
32 58 0 1 -95895
32 59 0 1 -94462
32 60 0 0 0
33 41 0 1 44197
33 42 0 1 43960
33 43 0 1 106341
33 44 0 1 -49603
33 45 0 1 -29363
33 46 0 1 59197
33 47 0 1 -28977
33 48 0 1 -73009
33 49 0 1 102889
33 50 0 1 -108503
33 51 0 0 0
33 52 0 1 -118480
33 53 0 1 33828
33 54 0 0 0
33 55 0 1 57128
33 56 1 1 0
33 57 0 0 0
33 58 0 1 -109669
33 59 1 1 0
33 60 0 1 -37146
34 41 0 1 -31425
34 42 0 1 31563
34 43 1 1 0
34 44 0 1 -36178
34 45 0 1 -19284
34 46 0 1 -44860
34 47 0 1 19461
34 48 0 1 -57444
34 49 0 1 82910
34 50 0 1 -88967
34 51 0 1 -22407
34 52 1 1 0
34 53 0 1 -22910
34 54 0 1 69638
34 55 0 1 42874
34 56 1 1 0
34 57 0 1 -80472
34 58 0 1 -89901
34 59 0 0 0
34 60 0 1 -25353
35 41 1 1 0
35 42 0 1 -11586
35 43 0 1 -50880
35 44 1 1 0
35 45 0 1 4764
35 46 0 1 -20484
35 47 0 1 4783
35 48 0 1 -28991
35 49 0 1 47882
35 50 0 1 52615
35 51 0 0 0
35 52 0 1 -59255
35 53 0 1 -6823
35 54 1 1 0
35 55 0 1 -19280
35 56 1 1 0
35 57 0 1 46648
35 58 0 1 52906
35 59 0 1 -51361
35 60 0 1 8383
36 41 0 1 -22829
36 42 0 1 22678
36 43 0 1 72607
36 44 1 1 0
36 45 1 1 0
36 46 0 1 -34458
36 47 1 1 0
36 48 0 1 -45671
36 49 0 1 -69110
36 50 0 1 -73894
36 51 0 1 15267
36 52 0 1 81358
36 53 0 1 -15696
36 54 0 1 -56617
36 55 0 1 32841
36 56 0 1 -38440
36 57 0 1 66230
36 58 1 1 0
36 59 1 1 0
36 60 0 1 -17751
37 41 0 1 -76112
37 42 0 1 -75312
37 43 0 1 -154646
37 44 0 1 -83086
37 45 0 1 56096
37 46 0 1 96120
37 47 0 0 0
37 48 1 1 0
37 49 0 1 149066
37 50 0 1 156187
37 51 0 1 -61864
37 52 0 0 0
37 53 0 1 -61894
37 54 0 1 -129827
37 55 0 1 93326
37 56 0 1 -103056
37 57 0 1 146415
37 58 1 1 0
37 59 0 1 -155997
37 60 0 1 66782
38 41 0 0 0
38 42 0 1 10447
38 43 0 1 48653
38 44 0 1 13356
38 45 0 1 -4060
38 46 0 1 -18615
38 47 1 1 0
38 48 0 1 -26933
38 49 0 0 0
38 50 0 1 -49689
38 51 0 1 5658
38 52 0 1 -56238
38 53 1 1 0
38 54 0 1 -35303
38 55 0 1 -17500
38 56 0 1 21782
38 57 0 1 43638
38 58 0 1 50281
38 59 0 1 48805
38 60 0 1 7282
39 41 0 1 -25687
39 42 0 1 -25763
39 43 0 1 76925
39 44 0 1 -29968
39 45 0 1 14761
39 46 1 1 0
39 47 0 1 14884
39 48 0 1 -49647
39 49 0 1 73636
39 50 0 1 78458
39 51 0 0 0
39 52 1 1 0
39 53 1 1 0
39 54 1 1 0
39 55 0 1 36749
39 56 0 0 0
39 57 0 1 -70985
39 58 0 1 79785
39 59 0 1 77975
39 60 0 1 20683
40 41 0 1 -16164
40 42 0 1 -15879
40 43 0 1 -59839
40 44 0 1 19579
40 45 0 1 7650
40 46 0 1 -25743
40 47 0 1 -7724
40 48 0 1 -35444
40 49 0 1 56400
40 50 0 1 -61278
40 51 0 0 0
40 52 0 1 -68437
40 53 0 0 0
40 54 0 1 44661
40 55 0 1 -24957
40 56 0 1 29700
40 57 0 1 -54237
40 58 0 0 0
40 59 1 1 0
40 60 0 1 12016
1 1 0 4 0
1 21 3 13 0
41 61 3 13 0
61 81 0 4 0
61 1 0 1000000000 0
1 2 0 5 0
2 22 6 9 0
42 62 6 9 0
62 81 0 5 0
62 2 0 1000000000 0
1 3 0 1 0
3 23 3 14 0
43 63 3 14 0
63 81 0 1 0
63 3 0 1000000000 0
1 4 0 5 0
4 24 5 12 0
44 64 5 12 0
64 81 0 5 0
64 4 0 1000000000 0
1 5 0 5 0
5 25 7 8 0
45 65 7 8 0
65 81 0 5 0
65 5 0 1000000000 0
1 6 0 4 0
6 26 6 13 0
46 66 6 13 0
66 81 0 4 0
66 6 0 1000000000 0
1 7 0 3 0
7 27 5 10 0
47 67 5 10 0
67 81 0 3 0
67 7 0 1000000000 0
1 8 0 5 0
8 28 3 7 0
48 68 3 7 0
68 81 0 5 0
68 8 0 1000000000 0
1 9 0 2 0
9 29 2 11 0
49 69 2 11 0
69 81 0 2 0
69 9 0 1000000000 0
1 10 0 1 0
10 30 2 14 0
50 70 2 14 0
70 81 0 1 0
70 10 0 1000000000 0
1 11 0 4 0
11 31 4 14 0
51 71 4 14 0
71 81 0 4 0
71 11 0 1000000000 0
1 12 0 5 0
12 32 3 6 0
52 72 3 6 0
72 81 0 5 0
72 12 0 1000000000 0
1 13 0 1 0
13 33 3 10 0
53 73 3 10 0
73 81 0 1 0
73 13 0 1000000000 0
1 14 0 1 0
14 34 3 11 0
54 74 3 11 0
74 81 0 1 0
74 14 0 1000000000 0
1 15 0 5 0
15 35 3 14 0
55 75 3 14 0
75 81 0 5 0
75 15 0 1000000000 0
1 16 0 5 0
16 36 6 8 0
56 76 6 8 0
76 81 0 5 0
76 16 0 1000000000 0
1 17 0 1 0
17 37 5 5 0
57 77 5 5 0
77 81 0 1 0
77 17 0 1000000000 0
1 18 0 2 0
18 38 5 14 0
58 78 5 14 0
78 81 0 2 0
78 18 0 1000000000 0
1 19 0 4 0
19 39 4 13 0
59 79 4 13 0
79 81 0 4 0
79 19 0 1000000000 0
1 20 0 2 0
20 40 5 13 0
60 80 5 13 0
80 81 0 2 0
80 20 0 1000000000 0
81 0 0 1000000000 0
