18 120
12 10 6
13 0 10
1 0 6
8 12 5
5 14 3
2 8 1
2 11 5
7 10 1
0 7 7
7 12 2
14 12 3
6 12 10
12 5 5
8 16 5
7 3 5
5 7 10
17 12 7
16 11 2
6 11 9
0 14 2
9 17 8
12 11 2
3 0 9
13 3 7
9 2 5
14 17 9
1 15 3
16 12 3
2 17 7
17 5 2
8 5 1
5 9 7
14 13 5
7 4 1
1 6 6
14 2 7
7 9 5
12 9 10
13 6 3
13 12 2
13 2 7
4 13 10
16 10 3
2 0 7
9 10 6
7 16 8
4 17 2
7 17 1
10 1 4
7 2 3
11 7 6
11 0 10
2 1 7
1 5 3
4 0 1
2 6 7
1 12 3
4 11 5
0 10 2
1 13 9
5 11 8
14 3 7
15 5 3
4 8 5
5 13 3
15 8 2
10 14 2
3 15 3
11 14 2
10 11 1
10 2 8
6 15 8
11 8 1
2 16 3
13 16 3
13 8 4
9 15 4
14 15 10
4 9 6
2 3 7
15 12 9
7 1 6
14 16 1
5 3 9
17 6 1
12 0 10
1 16 3
17 10 10
4 14 10
13 17 3
17 0 3
12 4 9
3 9 6
13 9 3
7 6 3
7 15 10
7 14 9
10 13 7
4 5 4
17 15 6
15 0 5
16 3 6
14 1 1
16 0 7
11 15 10
12 3 2
17 8 8
3 10 10
17 11 10
0 6 2
11 13 6
3 8 6
4 10 9
5 2 1
10 5 3
3 17 4
1 8 1
15 2 1
4 15 7
15 13 1
